1297863000|35.0904|21.6442
1297863300|34.2334|21.8975
1297863600|34.7264|21.9503
1297863900|34.6342|21.9161
1297864200|34.5832|21.9316
1297864500|34.5204|21.9249
1297864800|34.2063|22.0677
1297865100|33.819|22.1898
1297865700|35.4291|22.2174
1297866000|34.5238|21.4812
1297866300|34.4779|21.3992
1297866600|34.2945|21.3347
1297866900|34.3104|21.3066
1297867200|34.1649|21.2875
1297867500|34.1907|21.2586
1297867800|34.1964|21.2375
1297868100|34.1805|21.2064
1297868400|34.1299|21.2134
1297868700|34.4158|21.1926
1297869000|34.4018|21.1866
1297869300|34.1001|21.2113
1297869600|33.7355|21.1892
1297869900|33.1994|21.1707
1297870200|33.3342|21.1833
1297870500|33.356|21.0838
1297870800|33.5604|20.9392
1297871100|33.7064|20.8213
1297871400|33.7995|20.7528
1297871700|33.8048|20.6505
1297872000|33.6977|20.6165
1297872300|33.4783|20.6412
1297872600|33.5407|20.5955
1297872900|33.5624|20.5891
1297873200|33.6612|20.5809
1297873500|33.7107|20.558
1297873800|33.6696|20.5231
1297874100|33.6954|20.5214
1297874400|33.7721|20.5034
1297874700|33.7976|20.4898
1297875000|33.6078|20.4643
1297875300|33.6316|20.4358
1297875600|34.1088|20.4178
1297875900|34.2156|20.4143
1297876200|34.0014|20.3999
1297876500|34.2399|20.3693
1297876800|34.1476|20.2993
1297877100|33.9972|20.2945
1297877400|33.8806|20.2851
1297877700|33.9466|20.2664
1297878000|33.9357|20.2746
1297878300|34.2336|20.2984
1297878600|34.2491|20.331
1297878900|34.3095|20.3737
1297879200|34.3533|20.4483
1297879500|34.4121|20.4544
1297879800|34.337|20.5168
1297880100|34.2437|20.5656
1297880400|34.3044|20.5715
1297880700|34.2201|20.6239
1297881000|34.0646|20.673
1297881300|33.9322|20.6874
1297881600|34.043|20.7033
1297881900|34.0545|20.7159
1297882200|34.12|20.7131
1297882500|34.233|20.6632
1297882800|34.3688|20.6235
1297883100|34.4619|20.6078
1297883400|34.5301|20.5871
1297883700|34.5123|20.5997
1297884000|34.4554|20.587
1297884300|34.4754|20.5872
1297884600|34.5166|20.5755
1297884900|34.4756|20.5878
1297885200|34.3895|20.6056
1297885500|34.5417|20.6244
1297885800|34.5596|20.652
1297886100|34.4368|20.6663
1297886400|34.4899|20.6597
1297886700|34.7141|20.6413
1297887000|34.7496|20.652
1297887300|35.1629|20.6692
1297887600|35.5081|20.688
1297887900|35.5219|20.7038
1297888200|35.6238|20.7102
1297888500|35.9869|20.7245
1297888800|36.2582|20.7489
1297889100|36.7604|20.7618
1297889400|36.692|20.7493
1297889700|36.1606|20.7296
1297890000|36.1123|20.6877
1297890300|35.9502|20.6546
1297890600|35.9308|20.5908
1297890900|36.0246|20.5596
1297891200|36.0295|20.5696
1297891500|35.9043|20.5855
1297891800|35.7457|20.6032
1297892100|35.6166|20.6246
1297892400|35.5044|20.6377
1297892700|35.3684|20.6624
1297893000|35.3914|20.6839
1297893300|35.4009|20.7279
1297893600|35.5236|20.7468
1297893900|35.7995|20.764
1297894200|35.9969|20.7608
1297894500|35.9842|20.7587
1297894800|35.7021|20.7618
1297895100|35.7356|20.7719
1297895400|35.3049|20.7677
1297895700|35.4955|20.7711
1297896000|35.5857|20.7824
1297896300|35.5963|20.7761
1297896600|35.502|20.7639
1297896900|35.2651|20.7515
1297897200|34.8628|20.7309
1297897500|34.7356|20.7226
1297897800|34.7518|20.7009
1297898100|35.0135|20.6854
1297898400|35.0224|20.698
1297898700|35.0104|20.6882
1297899000|35.0158|20.6897
1297899300|35.0437|20.6848
1297899600|34.9356|20.6918
1297899900|34.9595|20.7011
1297900200|34.9495|20.7193
1297900500|35.0253|20.7161
1297900800|35.0768|20.7149
1297901100|35.1383|20.7141
1297901400|34.9091|20.7226
1297901700|34.687|20.7364
1297902000|34.6984|20.6818
1297902300|34.6262|20.6456
1297902600|34.8683|20.6393
1297902900|34.9711|20.593
1297903200|35.0458|20.593
1297903500|34.99|20.6296
1297903800|34.8773|20.6262
1297904100|34.9776|20.5893
1297904400|35.0943|20.5637
1297904700|35.2456|20.5487
1297905000|35.3815|20.5303
1297905300|35.5062|20.5111
1297905600|35.5424|20.5373
1297905900|35.6277|20.5194
1297906200|35.6765|20.5263
1297906500|35.7533|20.5117
1297906800|35.8393|20.5169
1297907100|35.9385|20.4953
1297907400|35.9939|20.4972
1297907700|36.0128|20.5002
1297908000|35.9778|20.5021
1297908300|35.9208|20.5308
1297908600|35.9608|20.5615
1297908900|35.9678|20.5892
1297909200|35.9512|20.5869
1297909500|35.9935|20.5796
1297909800|35.8492|20.5603
1297910100|35.9062|20.5388
1297910400|35.988|20.5444
1297910700|36.0235|20.5456
1297911000|35.9702|20.553
1297911300|35.9314|20.5546
1297911600|35.9248|20.5841
1297911900|35.7657|20.6184
1297912200|35.6692|20.6211
1297912500|35.6524|20.6311
1297912800|35.6196|20.6115
1297913100|35.5918|20.5956
1297913400|35.5334|20.6002
1297913700|35.5071|20.607
1297914000|35.507|20.6136
1297914300|35.3641|20.6225
1297914600|34.8965|20.6221
1297914900|35.0438|20.6523
1297915200|34.8828|20.6313
1297915500|34.7914|20.5955
1297915800|34.6311|20.5908
1297916100|34.684|20.5898
1297916400|34.5003|20.6175
1297916700|34.3884|20.6397
1297917000|34.5393|20.6279
1297917300|34.7572|20.6154
1297917600|34.9689|20.6107
1297917900|35.0853|20.6256
1297918200|35.2215|20.6263
1297918500|35.3849|20.6042
1297918800|35.4562|20.6033
1297919100|35.6287|20.5934
1297919400|35.8842|20.5888
1297919700|36.0724|20.5654
1297920000|36.0902|20.5648
1297920300|36.1149|20.5661
1297920600|36.1631|20.561
1297920900|36.2189|20.5521
1297921200|36.2517|20.5552
1297921500|36.2904|20.5708
1297921800|36.3286|20.5751
1297922100|36.3219|20.5671
1297922400|36.3595|20.5612
1297922700|36.3361|20.5523
1297923000|36.3874|20.5604
1297923300|36.4131|20.5507
1297923600|36.4063|20.5425
1297923900|36.3846|20.5367
1297924200|36.475|20.5268
1297924500|36.5409|20.5469
1297924800|36.6247|20.5522
1297925100|36.7555|20.539
1297925400|36.8117|20.5499
1297925700|36.854|20.5422
1297926000|36.8468|20.5313
1297926300|36.789|20.5407
1297926600|36.879|20.5288
1297926900|36.9088|20.5431
1297927200|36.8775|20.5437
1297927500|36.8921|20.5437
1297927800|36.911|20.5349
1297928100|36.9437|20.5307
1297928400|37.0286|20.5345
1297928700|37.0439|20.5259
1297929000|36.8074|20.5341
1297929300|36.7252|20.531
1297929600|36.7601|20.5284
1297929900|36.7778|20.5559
1297930200|36.8624|20.5607
1297930500|36.8855|20.5678
1297930800|36.9832|20.5738
1297931100|37.1089|20.5894
1297931400|37.602|20.549
1297931700|37.2277|20.5834
1297932000|37.1608|20.6075
1297932300|37.1079|20.6331
1297932600|37.0543|20.6595
1297932900|37.1365|20.6735
1297933200|37.7302|20.6453
1297933500|38.3739|20.6305
1297933800|40.9674|20.5865
1297934100|41.9302|20.5381
1297934400|41.253|20.4988
1297934700|41.4153|20.5128
1297935000|42.22|20.4944
1297935300|43.8104|20.4528
1297935600|43.005|20.4438
1297935900|41.3278|20.4913
1297936200|39.9968|20.527
1297936500|38.6197|20.5725
1297936800|37.7147|20.6031
1297937100|39.456|20.5988
1297937400|37.9847|20.6121
1297937700|38.0235|20.6524
1297938000|36.8359|20.6652
1297938300|36.3997|20.6732
1297938600|36.4591|20.6692
1297938900|36.4662|20.6652
1297939200|36.2935|20.6502
1297939500|36.3127|20.6392
1297939800|36.4061|20.6393
1297940100|36.4177|20.6417
1297940400|36.6763|20.6646
1297940700|36.6527|20.6636
1297941000|36.8382|20.6678
1297941300|36.9116|20.6962
1297941600|36.9208|20.7083
1297941900|36.7347|20.7406
1297942200|36.898|20.7554
1297942500|36.9758|20.7661
1297942800|36.7895|20.7512
1297943100|36.4971|20.7369
1297943400|36.6131|20.7453
1297943700|36.3824|20.7528
1297944000|36.4438|20.7443
1297944300|36.417|20.7449
1297944600|36.1495|20.7164
1297944900|36.2002|20.7073
1297945200|36.3238|20.7107
1297945500|36.342|20.7096
1297945800|36.9848|20.7068
1297946100|37.3807|20.7137
1297946400|37.0138|20.7454
1297946700|37.3223|20.7554
1297947000|37.0537|20.7732
1297947300|37.487|20.7817
1297947600|37.4077|20.812
1297947900|37.8509|20.8678
1297948200|37.6121|20.9011
1297948500|37.0345|20.911
1297948800|36.5362|20.8631
1297949100|37.7036|20.8659
1297949400|36.4947|20.8527
1297949700|37.2538|20.8871
1297950000|37.1548|20.8929
1297950300|35.9806|20.8598
1297950600|35.9805|20.906
1297950900|36.0391|20.8158
1297951200|35.9957|20.7114
1297951500|35.9291|20.7096
1297951800|35.9281|20.6412
1297952100|35.6613|20.5753
1297952400|35.9264|20.584
1297952700|36.3847|20.5398
1297953000|37.4577|20.5796
1297953300|36.9281|20.5022
1297953600|35.521|20.5199
1297953900|35.7664|20.58
1297954200|35.5131|20.6533
1297954500|36.0852|20.677
1297954800|36.0491|20.6508
1297955100|35.3194|20.693
1297955400|35.2782|20.6433
1297955700|35.5618|20.7254
1297956000|34.9966|20.825
1297956300|35.0898|20.8964
1297956600|34.7651|20.9272
1297956900|35.1638|20.9482
1297957200|35.4704|21.0024
1297957500|36.0964|21.0521
1297957800|35.4085|21.065
1297958100|35.6745|21.0454
1297958400|35.1519|21.0631
1297958700|35.2116|21.0806
1297959000|35.0515|21.0878
1297959300|35.174|21.1143
1297959600|35.0549|21.1377
1297959900|34.9034|21.1417
1297960200|35.1299|21.1425
1297960500|35.5198|21.1386
1297960800|35.5829|21.1387
1297961100|35.6017|21.1119
1297961400|35.6275|21.13
1297961700|35.1204|21.1066
1297962000|34.9293|21.1005
1297962300|34.7953|21.1047
1297962600|35.1043|20.9998
1297962900|35.0186|20.9338
1297963200|35.4027|20.8836
1297963500|36.0029|20.8748
1297963800|36.9143|20.8356
1297964100|37.2635|20.8111
1297964400|37.4198|20.7536
1297964700|37.2032|20.7249
1297965000|36.7942|20.6926
1297965300|35.4793|20.6944
1297965600|35.2592|20.7205
1297965900|34.9859|20.7229
1297966200|34.796|20.7855
1297966500|34.8932|20.7544
1297966800|34.8324|20.7375
1297967100|34.8238|20.7881
1297967400|35.0413|20.7885
1297967700|36.4428|20.7218
1297968000|35.5682|20.6454
1297968300|35.0512|20.603
1297968600|34.9944|20.5104
1297968900|34.8682|20.4935
1297969200|34.9665|20.4746
1297969500|34.8244|20.5307
1297969800|34.7005|20.4943
1297970100|34.961|20.4199
1297970400|34.9075|20.4536
1297970700|35.0906|20.4559
1297971000|35.2521|20.507
1297971300|35.5995|20.4623
1297971600|35.6667|20.4874
1297971900|35.9233|20.4686
1297972200|36.4568|20.5187
1297972500|36.42|20.4573
1297972800|36.5568|20.4879
1297973100|36.8425|20.4484
1297973400|36.8447|20.4337
1297973700|37.3219|20.4446
1297974000|37.7167|20.4581
1297974300|37.1167|20.4591
1297974600|37.0701|20.4743
1297974900|37.1497|20.5915
1297975200|37.2501|20.6216
1297975500|37.202|20.6809
1297975800|37.1393|20.6802
1297976100|36.8918|20.743
1297976400|36.9532|20.6922
1297976700|36.8984|20.736
1297977000|36.8878|20.8052
1297977300|36.8147|20.8842
1297977600|36.6638|20.9344
1297977900|36.4738|20.964
1297978200|36.0801|20.9883
1297978500|35.5556|20.9868
1297978800|34.4582|20.942
1297979100|34.4465|20.9579
1297979400|34.6353|21.0021
1297979700|34.7858|20.9814
1297980000|33.6922|20.9025
1297980300|33.3798|20.8949
1297980600|33.3059|20.8854
1297980900|33.4105|20.8452
1297981200|33.5632|20.8048
1297981500|33.6448|20.8381
1297981800|34.4963|20.8895
1297982100|35.0051|20.9983
1297982400|35.4332|21.0461
1297982700|35.4004|21.0273
1297983000|34.8233|20.9613
1297983300|34.736|20.9244
1297983600|34.4957|20.9095
1297983900|34.3211|20.8582
1297984200|34.2194|20.8351
1297984500|34.3994|20.8229
1297984800|34.4369|20.8146
1297985100|34.4361|20.8214
1297985400|34.2609|20.8206
1297985700|34.5521|20.7507
1297986000|34.7469|20.676
1297986300|34.4198|20.6026
1297986600|34.8873|20.5676
1297986900|35.3038|20.5147
1297987200|34.4426|20.5182
1297987500|34.7959|20.5248
1297987800|34.4281|20.4798
1297988100|33.5958|20.5255
1297988400|33.5977|20.5404
1297988700|33.7228|20.5766
1297989000|33.5493|20.5154
1297989300|33.4659|20.5686
1297989600|33.6069|20.5047
1297989900|33.6423|20.5253
1297990200|33.8152|20.4884
1297990500|33.909|20.5194
1297990800|34.1248|20.4917
1297991100|34.2632|20.5257
1297991400|34.4413|20.439
1297991700|34.5455|20.474
1297992000|34.4928|20.4718
1297992300|34.5648|20.4506
1297992600|34.5015|20.4892
1297992900|34.5261|20.5595
1297993200|34.545|20.6135
1297993500|34.4567|20.6625
1297993800|34.3609|20.7142
1297994100|34.2949|20.7734
1297994400|34.3245|20.7943
1297994700|34.2865|20.8251
1297995000|34.3317|20.8524
1297995300|34.3001|20.854
1297995600|34.2804|20.8865
1297995900|34.3602|20.8968
1297996200|34.4721|20.8798
1297996500|34.4062|20.9016
1297996800|34.339|20.927
1297997100|34.3233|20.9569
1297997400|34.3896|20.8527
1297997700|34.4668|20.8175
1297998000|34.5547|20.8053
1297998300|34.5696|20.8113
1297998600|34.5492|20.8085
1297998900|34.5406|20.7814
1297999200|34.4731|20.7799
1297999500|34.5941|20.7165
1297999800|34.6608|20.7502
1298000100|34.6777|20.756
1298000400|34.7666|20.704
1298000700|34.7035|20.7388
1298001000|34.8506|20.6619
1298001300|34.91|20.6894
1298001600|35.3086|20.6765
1298001900|35.1464|20.7105
1298002200|35.2122|20.6812
1298002500|35.0242|20.7047
1298002800|35.1481|20.6388
1298003100|35.4992|20.6862
1298003400|35.8172|20.7115
1298003700|35.7342|20.8073
1298004000|35.7116|20.7945
1298004300|35.9341|20.786
1298004600|36.187|20.781
1298004900|36.3328|20.7589
1298005200|36.2596|20.7627
1298005500|36.2692|20.7103
1298005800|36.1772|20.7351
1298006100|36.366|20.7203
1298006400|36.418|20.7487
1298006700|36.4573|20.761
1298007000|36.3833|20.7302
1298007300|36.4008|20.7096
1298007600|36.5006|20.7175
1298007900|36.5031|20.7648
1298008200|36.3963|20.7917
1298008500|36.5532|20.8052
1298008800|36.6927|20.7669
1298009100|36.1782|20.8682
1298009400|35.8531|20.978
1298009700|35.548|21.0726
1298010000|35.383|21.1822
1298010300|35.142|21.2724
1298010600|34.7666|21.2939
1298010900|34.5898|21.3717
